1
0.0
0.09
---
1
0.1
0.11
---
1
0.2
0.14
---
1
0.3
0.21
---
1
0.4
0.26
---
1
0.5
0.29
---
1
0.6
0.29
---
1
0.7
0.38
---
1
0.8
0.46
---
1
0.9
0.52
---
1
1.0
0.56
---
2
0.0
0.18
---
2
0.1
0.19
---
2
0.2
0.23
---
2
0.3
0.31
---
2
0.4
0.36
---
2
0.5
0.38
---
2
0.6
0.38
---
2
0.7
0.39
---
2
0.8
0.48
---
2
0.9
0.54
---
2
1.0
0.58
---
3
0.0
0.27
---
3
0.1
0.29
---
3
0.2
0.34
---
3
0.3
0.4
---
3
0.4
0.44
---
3
0.5
0.45
---
3
0.6
0.46
---
3
0.7
0.48
---
3
0.8
0.53
---
3
0.9
0.59
---
3
1.0
0.64
---
4
0.0
0.36
---
4
0.1
0.38
---
4
0.2
0.42
---
4
0.3
0.46
---
4
0.4
0.5
---
4
0.5
0.51
---
4
0.6
0.52
---
4
0.7
0.54
---
4
0.8
0.59
---
4
0.9
0.71
---
4
1.0
0.75
---
5
0.0
0.42
---
5
0.1
0.44
---
5
0.2
0.47
---
5
0.3
0.51
---
5
0.4
0.54
---
5
0.5
0.56
---
5
0.6
0.56
---
5
0.7
0.58
---
5
0.8
0.64
---
5
0.9
0.75
---
5
1.0
1.0
---
6
0.0
0.42
---
6
0.1
0.44
---
6
0.2
0.47
---
6
0.3
0.51
---
6
0.4
0.54
---
6
0.5
0.56
---
6
0.6
0.56
---
6
0.7
0.58
---
6
0.8
0.64
---
6
0.9
0.75
---
6
1.0
1.0
---
7
0.0
0.42
---
7
0.1
0.44
---
7
0.2
0.47
---
7
0.3
0.51
---
7
0.4
0.54
---
7
0.5
0.56
---
7
0.6
0.56
---
7
0.7
0.58
---
7
0.8
0.64
---
7
0.9
0.75
---
7
1.0
1.0
---
8
0.0
0.42
---
8
0.1
0.44
---
8
0.2
0.47
---
8
0.3
0.51
---
8
0.4
0.54
---
8
0.5
0.56
---
8
0.6
0.56
---
8
0.7
0.58
---
8
0.8
0.64
---
8
0.9
0.75
---
8
1.0
1.0
---
9
0.0
0.42
---
9
0.1
0.44
---
9
0.2
0.47
---
9
0.3
0.51
---
9
0.4
0.54
---
9
0.5
0.56
---
9
0.6
0.56
---
9
0.7
0.58
---
9
0.8
0.64
---
9
0.9
0.75
---
9
1.0
1.0
---
10
0.0
0.42
---
10
0.1
0.44
---
10
0.2
0.47
---
10
0.3
0.51
---
10
0.4
0.54
---
10
0.5
0.56
---
10
0.6
0.56
---
10
0.7
0.58
---
10
0.8
0.64
---
10
0.9
0.75
---
10
1.0
1.0
---
11
0.0
0.42
---
11
0.1
0.44
---
11
0.2
0.47
---
11
0.3
0.51
---
11
0.4
0.54
---
11
0.5
0.56
---
11
0.6
0.56
---
11
0.7
0.58
---
11
0.8
0.64
---
11
0.9
0.75
---
11
1.0
1.0
---
12
0.0
0.42
---
12
0.1
0.44
---
12
0.2
0.47
---
12
0.3
0.51
---
12
0.4
0.54
---
12
0.5
0.56
---
12
0.6
0.56
---
12
0.7
0.58
---
12
0.8
0.64
---
12
0.9
0.75
---
12
1.0
1.0
---
13
0.0
0.42
---
13
0.1
0.44
---
13
0.2
0.47
---
13
0.3
0.51
---
13
0.4
0.54
---
13
0.5
0.56
---
13
0.6
0.56
---
13
0.7
0.58
---
13
0.8
0.64
---
13
0.9
0.75
---
13
1.0
1.0
---
14
0.0
0.42
---
14
0.1
0.44
---
14
0.2
0.47
---
14
0.3
0.51
---
14
0.4
0.54
---
14
0.5
0.56
---
14
0.6
0.56
---
14
0.7
0.58
---
14
0.8
0.64
---
14
0.9
0.75
---
14
1.0
1.0
---
15
0.0
0.42
---
15
0.1
0.44
---
15
0.2
0.47
---
15
0.3
0.51
---
15
0.4
0.54
---
15
0.5
0.56
---
15
0.6
0.56
---
15
0.7
0.58
---
15
0.8
0.64
---
15
0.9
0.75
---
15
1.0
1.0
---
16
0.0
0.36
---
16
0.1
0.38
---
16
0.2
0.42
---
16
0.3
0.46
---
16
0.4
0.5
---
16
0.5
0.51
---
16
0.6
0.52
---
16
0.7
0.54
---
16
0.8
0.59
---
16
0.9
0.71
---
16
1.0
0.75
---
17
0.0
0.27
---
17
0.1
0.29
---
17
0.2
0.34
---
17
0.3
0.4
---
17
0.4
0.44
---
17
0.5
0.45
---
17
0.6
0.46
---
17
0.7
0.48
---
17
0.8
0.53
---
17
0.9
0.59
---
17
1.0
0.64
---
18
0.0
0.18
---
18
0.1
0.19
---
18
0.2
0.23
---
18
0.3
0.31
---
18
0.4
0.36
---
18
0.5
0.38
---
18
0.6
0.38
---
18
0.7
0.39
---
18
0.8
0.48
---
18
0.9
0.54
---
18
1.0
0.58
---
19
0.0
0.09
---
19
0.1
0.11
---
19
0.2
0.14
---
19
0.3
0.21
---
19
0.4
0.26
---
19
0.5
0.29
---
19
0.6
0.29
---
19
0.7
0.38
---
19
0.8
0.46
---
19
0.9
0.52
---
19
1.0
0.56
---
20
0.0
0.0
---
20
0.1
0.01
---
20
0.2
0.05
---
20
0.3
0.11
---
20
0.4
0.16
---
20
0.5
0.18
---
20
0.6
0.29
---
20
0.7
0.38
---
20
0.8
0.45
---
20
0.9
0.51
---
20
1.0
0.56
---
